25763772
25847295
26316050
26406200
26424709
26476440
26797704
26864880
26867927
26868132
26876532
26883265
26931495
26944725
27010511
27059693
27061776
27086366
27093899
27113387
27117874
27121486
27131339
27172917
27196563
27213687
27216824
27233131
27233260
27233466
27233592
27233918
27234004
27234031
27234220
27235559
27235789
27235824
27235870
27235977
27235985
27236033
27236097
27236596
27236780
27237301
27237609
27237979
27239027
27239445
27239541
27239953
27240257
27240437
27240560
27241087
27241291
27241818
27242101
27242395
27242550
27242761
27242865
27243664
27244222
27244841
27245100
27245303
27245335
27245524
27246120
27247892
27249024
27249236
27249559
27250037
27250793
27250823
27250949
27251117
27251157
27251364
27251800
27251918
27252074
27252099
27252199
27252416
27252474
27252721
27252817
27252904
27253877
27254091
27254783
27254792
27255214
27255399
27255411
27255600
27256046
27256126
27256373
27256491
27256947
27257056
27257063
27257207
27257353
27257613
27257694
27257822
27257836
27258136
27258690
27258956
27259186
27259326
27259362
27259647
27259677
27260358
27260450
27260627
27261525
27261587
27261783
27262143
27262362
27263085
27264279
27265179
27265654
27266283
27266322
27266753
27266840
27266878
27267054
27267338
27267388
27267564
27267962
27268023
27270311
27270538
27270753
27271087
27271770
27271775
27271951
27271969
27272523
27272784
27273075
27273160
27273231
27273307
27273918
27274087
27274281
27274417
27274524
27274541
27274791
27274893
27275025
27275298
27275827
27275849
27277750
27278134
27279849
27279861
27279981
27280034
27280293
27280485
27280525
27282214
27282236
27282265
27282454
27282845
27283081
27283167
27283994
27284118
27284491
27284493
27284958
27285457
27285494
27286118
27286174
27286333
27286759
27287100
27287247
27288403
27288457
27289224
27291966
27292374
27292641
27293123
27293431
27293894
27294314
27294436
27294526
27294544
27294781
27294858
27294935
27294945
27295294
27295651
27296867
27296942
27297523
27297608
27297967
27298004
27298278
27298653
27298741
27299091
27299182
27299289
27299522
27299763
27299886
27299916
27300443
27300936
27300947
27301186
27301553
27301681
27301853
27301949
27303047
27303795
27303808
27304655
27304832
27305656
27305683
27305688
27306062
27306621
27306647
27306679
27306834
27308603
27308854
27309274
27310240
27310615
27310660
27310824
27311447
27311863
27311930
27312152
27312263
27312275
27312354
27312379
27312487
27312729
27313537
27313614
27313637
27313723
27314527
27314612
27315396
27315518
27316920
27317610
27317655
27318046
27318131
27318197
27318553
27318951
27319018
27319985
27320055
27320863
27320961
27321338
27321568
27321599
27321745
27321892
27322135
27322653
27322774
27323673
27324249
27325072
27325393
27325547
27326352
27326810
27326914
27328333
27328365
27329050
27329728
27330692
27330705
27330995
27331407
27331809
27332210
27332346
27332832
27333086
27333594
27333847
27334470
27334471
27334522
27334669
27335087
27335213
27336004
27336204
27336239
27336882
27336997
27337055
27337390
27337704
27337992
27338295
27338347
27338437
27338800
27339000
27339305
27339306
27339893
27340141
27340160
27340777
27340862
27340878
27341373
27342305
27342342
27342634
27342978
27343229
27343573
27343757
27344476
27344620
27345009
27345138
27346336
27346839
27347474
27347631
27347668
27347792
27347943
27348135
27348285
27348352
27348405
27348517
27348576
27348675
27348711
27349182
27349310
27349321
27349365
27350860
27351590
27351941
27352045
27352133
27352367
27352476
27353925
27354201
27354219
27354236
27354631
27354640
27355258
27355340
27355356
27355434
27356151
27356448
27356521
27356693
27356936
27356972
27357217
27357243
27357394
27357530
27357607
27357626
27358525
27358560
27358636
27358905
27359086
27359178
27359321
27362260
27363212
27363786
27364111
27364501
27364610
27364994
27365044
27366176
27366491
27366508
27366556
27367915
27370179
27371349
27371352
27371369
27371625
27371817
27371818
27371819
27371870
27372076
27372861
27373429
27373648
27373689
27373772
27373836
27373893
27374109
27374165
27374326
27374484
27374919
27375283
27375428
27375491
27375774
27375918
27376349
27377502
27378028
27378064
27378175
27378927
27379139
27379201
27380733
27381206
27381582
27381670
27381890
27382289
27382354
27382380
27383174
27383326
27383484
27383496
27383575
27384095
27384243
27384421
27384489
27384676
27385165
27385839
27386169
27386263
27387057
27387068
27387187
27388630
27388786
27388962
27389043
27389831
27390504
27390714
27390849
27391139
27391263
27391592
27391754
27392010
27392220
27392380
27392483
27392509
27392740
27393222
27393252
27393884
27394010
27394375
27394918
27395220
27395231
27395442
27395784
27397752
27397797
27398974
27399065
27399557
27399732
27399843
27399912
27400734
27400764
27401409
27401811
27402480
27402799
27402827
27403105
27403338
27403678
27404405
27404466
27404944
27405322
27405584
27405692
27405997
27406386
27406705
27407027
27408381
27408447
27408908
27409644
27409657
27409663
27410251
27411238
27411493
27411686
27412144
27412368
27412452
27412526
27412534
27412612
27412759
27413146
27413283
27413416
27414407
27415391
27415757
27416524
27417076
27417211
27417537
27418256
27418869
27420101
27420620
27421268
27421843
27422009
27422142
27422367
27422746
27423282
27423415
27423449
27424514
27425447
27426278
27426713
27426888
27427129
27427386
27427881
27428958
27429532
27429935
27430240
27430264
27430662
27430924
27431445
27431623
27432227
27432486
27433451
27433916
27433933
27434049
27434112
27435204
27435336
27435702
27435835
27435854
27436024
27436068
27436292
27436508
27436524
27436635
27436784
27437046
27437094
27437203
27438188
27438230
27438380
27438403
27438523
27439116
27439307
27439396
27439518
27439969
27440255
27440478
27440725
27440782
27441491
27441507
27441638
27441911
27442214
27442216
27442261
27442448
27442784
27443131
27443244
27443504
27443945
27444328
27444636
27445300
27445319
27445383
27445389
27445402
27445435
27445450
27445856
27445865
27445997
27446048
27446224
27446232
27446352
27446550
27446579
27446852
27446916
27447000
27447421
27447713
27447827
27449022
27449508
27449676
27449818
27449845
27450703
27450737
27450789
27451448
27451934
27452398
27452524
27452974
27453213
27453359
27453556
27453830
27454066
27454252
27454379
27454401
27454637
27454738
27456016
27456018
27456062
27457339
27457539
27457924
27457997
27458601
27459060
27459296
27459610
27459898
27460285
27460657
27460729
27461472
27461500
27461771
27462099
27463423
27463515
27463942
27464574
27464853
27464911
27465008
27465464
27465497
27465797
27465939
27466053
27466243
27466300
27466374
27467147
27467249
27467251
27467556
27467655
27467766
27467869
27468236
27468821
27468990
27469396
27469526
27469581
27470228
27470589
27470609
27470706
27470998
27471103
27471363
27472389
27472704
27473209
27473375
27473380
27473429
27473602
27473877
27473951
27474557
27474570
27474829
27474969
27475106
27475688
27475696
27476158
27476541
27476625
27476670
27476889
27477569
27478234
27478387
27478553
27478557
27479458
27479571
27479867
27479943
27480160
27480410
27480504
27480530
27481186
27481342
27481539
27481714
27481810
27481881
27481907
27481922
27482315
27482676
27482869
27483491
27484091
27484439
27484604
27484988
27485101
27485340
27485594
27485707
27485749
27485947
27486082
27486419
27486825
27486953
27487357
27487593
27488290
27488293
27488602
27489015
27489089
27489143
27489312
27489603
27489713
27489735
27490343
27490448
27490927
27491394
27491687
27491778
27492044
27492869
27493011
27493840
27493925
27494020
27494135
27494870
27494903
27494906
27494907
27494908
27494909
27495798
27496388
27496995
27497497
27498027
27498099
27498180
27498399
27498545
27498569
27499974
27500005
27500198
27500205
27500262
27500434
27500809
27501756
27501910
27502245
27502941
27503306
27503472
27503608
27503899
27503926
27503979
27504100
27504260
27504422
27504738
27504849
27505217
27505310
27505348
27505653
27506129
27506220
27506608
27507240
27507301
27507385
27507702
27508301
27508328
27508384
27508468
27508512
27509301
27510000
27510458
27510556
27510571
27510784
27511214
27511456
27511525
27511629
27511635
27512256
27512352
27512369
27512378
27513357
27513632
27514242
27514440
27514572
27514644
27514764
27515243
27515250
27515303
27515307
27515404
27515772
27515958
27516217
27516253
27516254
27516356
27516476
27516747
27516791
27517885
27518506
27518527
27519262
27519675
27519886
27521295
27521418
27521864
27521980
27522061
27522512
27524031
27524208
27524790
27524875
27524991
27525173
27525549
27526315
27526663
27528428
27528471
27528862
27529135
27529866
27530053
27530243
27530333
27530547
27531288
27532007
27532629
27532798
27532819
27533056
27533082
27533383
27533401
27533420
27534108
27534355
27534399
27534567
27534734
27534961
27535101
27535586
27536134
27536472
27536475
27537530
27537689
27538344
27538372
27538473
27539002
27539945
27539962
27540024
27540584
27541815
27542164
27542380
27542694
27542782
27542789
27542814
27543814
27543896
27544735
27544871
27544926
27545082
27545399
27545500
27545685
27545829
27546025
27546367
27546724
27547341
27547432
27547536
27548715
27548784
27548895
27549420
27550416
27550556
27551182
27551242
27551992
27552486
27552906
27553051
27553121
27553395
27553588
27553875
27554678
27554917
27555478
27555654
27555752
27555898
27555975
27556293
27556586
27557464
27558728
27558793
27559131
27559330
27559734
27560368
27560647
27561345
27562025
27562210
27562951
27563006
27563025
27563235
27563616
27565266
27565311
27565870
27565913
27565983
27566296
27566320
27566564
27566854
27567148
27567226
27567951
27568025
27568206
27568284
27568582
27568672
27569032
27569088
27569827
27569995
27570111
27570140
27570362
27570556
27570685
27570938
27570955
27570972
27571215
27571223
27571264
27571385
27571883
27572131
27572277
27572614
27573109
27573199
27573470
27573702
27574277
27574814
27575455
27575503
27575716
27576084
27576608
27576906
27576941
27577517
27577581
27577957
27578508
27578611
27578894
27578983
27579316
27580090
27580517
27580610
27580729
27580908
27581456
27581464
27582109
27582170
27582280
27583127
27583176
27583405
27585079
27585205
27585843
27586108
27587390
27587730
27588084
27588139
27588892
27588935
27589009
27589720
27590021
27590047
27590051
27590630
27591146
27591323
27592178
27593389
27593461
27593786
27593936
27594346
27594695
27595710
27596135
27596934
27597857
27597994
27598153
27598262
27598351
27598388
27598421
27598463
27598472
27599001
27599297
27599756
27599942
27600888
27600929
27601111
27601238
27601292
27601501
27601594
27601937
27602058
27602107
27602300
27602302
27602763
27602898
27603112
27603917
27604152
27604681
27605910
27606118
27606170
27606477
27606547
27607849
27607871
27608043
27608180
27608421
27608841
27608968
27608985
27609556
27609696
27609916
27609921
27610042
27610122
27610145
27610191
27610217
27610437
27611338
27611704
27611967
27612043
27612561
27612680
27612827
27612907
27613509
27613550
27613669
27613895
27614145
27614386
27614652
27615860
27616047
27616751
27616886
27617011
27617056
27617108
27617249
27617315
27617383
27617793
27618138
27618157
27618260
27618365
27618497
27618734
27618756
27619032
27619227
27620334
27620469
27620892
27621200
27621804
27621870
27621953
27622027
27622096
27622108
27622771
27623277
27623376
27623486
27623532
27623725
27623751
27623760
27623945
27624142
27625093
27625204
27625333
27625449
27625705
27626099
27626325
27626498
27626511
27627778
27628042
27628070
27628393
27628933
27629156
27629246
27629431
27629727
27629905
27630041
27631472
27631520
27631550
27631624
27631656
27632714
27632796
27632842
27632886
27633344
27633393
27633771
27634004
27634034
27634305
27634338
27634799
27634880
27634905
27635073
27635144
27635325
27635790
27636378
27636509
27636558
27636763
27637516
27637575
27637577
27638176
27638250
27638646
27639061
27639384
27639826
27639988
27640134
27641480
27642003
27642330
27642699
27643557
27643784
27643901
27643972
27644077
27644674
27644675
27644688
27644702
27644855
27645367
27645371
27645456
27645763
27646139
27646508
27646543
27646607
27647451
27647474
27647760
27647762
27648073
27648078
27648525
27648744
27649458
27649667
27649824
27649982
27650225
27650249
27650462
27650514
27650531
27651148
27651178
27651569
27651955
27651975
27652573
27652718
27652926
27653010
27653143
27653173
27653361
27653616
27653736
27654398
27654842
27655308
27655319
27655516
27655678
27655704
27655998
27656399
27656565
27656567
27657099
27657150
27658531
27658949
27659183
27659310
27659457
27659547
27659602
27659794
27660087
27660194
27660323
27660548
27660632
27660667
27660811
27660844
27660855
27661391
27662437
27663493
27664877
27665231
27665258
27665545
27665550
27665747
27665996
27666119
27666303
27667368
27667559
27667560
27667643
27668006
27668722
27668791
27669010
27669157
27669217
27669294
27669305
27669322
27669669
27670138
27670600
27670653
27671016
27671177
27671656
27671789
27673404
27676379
27676724
27677165
27677346
27677368
27677398
27677517
27677676
27677842
27677861
27678020
27678029
27678044
27678317
27679696
27680006
27680099
27680598
27680876
27680974
27681017
27681182
27681567
27681813
27682141
27682280
27682293
27683067
27683158
27683416
27683502
27683651
27683791
27683811
27684099
27685187
27685846
27686487
27686752
27686952
27687042
27687951
27688111
27688320
27688423
27688460
27688476
27688904
27689092
27689386
27689393
27689491
27689542
27690050
27690079
27690192
27690568
27691994
27692274
27692319
27692419
27692572
27692696
27692888
27693393
27693948
27694049
27694287
27694392
27694728
27694780
27694930
27695327
27695342
27695358
27695680
27696493
27696737
27697474
27697561
27697674
27697751
27697757
27698061
27698544
27698735
27698916
27698942
27699206
27699251
27699590
27701245
27701287
27702870
27702924
27703342
27703402
27703571
27703744
27703752
27704268
27704589
27704621
27705854
27706165
27706190
27706576
27706588
27706773
27706911
27707812
27707823
27708057
27708411
27708714
27708774
27708808
27709647
27709987
27710899
27710934
27711225
27712131
27712587
27713074
27713123
27714135
27714376
27714497
27714651
27714730
27714861
27715026
27715398
27715500
27716016
27716187
27716325
27716352
27717527
27717775
27717972
27718023
27718505
27718772
27719897
27719962
27720129
27720181
27720895
27721550
27721600
27721673
27721721
27721784
27722201
27722881
27723444
27723749
27723905
27723907
27724977
27725659
27725792
27725796
27726295
27726775
27727240
27727312
27729000
27729085
27729252
27729641
27730636
27731485
27732552
27732647
27732923
27733154
27733749
27734182
27734289
27734402
27734513
27734729
27736157
27736701
27736955
27737333
27737795
27737807
27737923
27738051
27738068
27738460
27740919
27741201
27741202
27741956
27742121
27742195
27742350
27742373
27742630
27742821
27743356
27743686
27743718
27743941
27744105
27744219
27744233
27744500
27744574
27744641
27744673
27745564
27745773
27746055
27746068
27746771
27746786
27747996
27748242
27748824
27748842
27749081
27749392
27749441
27749796
27750105
27751685
27751698
27752009
27752082
27752357
27752744
27753022
27753194
27754198
27754271
27754397
27754446
27754781
27755168
27755272
27755647
27755951
27755975
27756035
27756117
27756221
27756568
27757318
27757335
27757471
27757809
27758943
27759568
27759877
27760149
27760426
27760552
27760700
27760732
27760981
27761076
27761213
27761669
27761762
27761899
27761922
27762482
27763528
27764714
27764829
27764968
27765603
27765612
27765805
27765873
27766173
27766178
27766200
27766286
27766634
27766879
27768063
27768206
27768229
27768380
27768391
27768522
27768715
27768814
27769207
27769714
27769797
27770391
27770762
27771058
27771196
27771331
27771746
27771784
27771814
27771865
27772556
27772674
27773526
27773614
27773678
27773722
27774519
27775720
27775803
27775984
27776171
27776422
27776603
27776794
27776907
27776910
27777016
27777102
27777170
27777427
27777558
27777603
27777712
27777972
27778115
27778231
27778368
27779321
27779404
27779444
27779702
27780501
27780592
27780748
27780827
27781034
27781291
27781405
27782044
27782129
27782940
27783097
27783350
27783838
27784172
27784277
27784873
27785790
27785853
27786249
27786291
27786590
27787497
27787906
27787956
27787973
27788142
27788427
27790175
27790295
27790487
27790522
27791100
27791144
27791169
27791362
27791364
27792137
27792644
27792780
27793144
27793507
27793568
27793676
27793684
27793722
27794068
27794081
27794108
27794223
27794263
27794381
27794490
27794611
27794742
27795266
27795701
27795726
27796364
27796450
27796455
27796510
27796974
27797717
27798174
27798219
27798289
27798341
27798722
27798730
27798823
27798906
27799038
27799048
27799085
27799311
27799314
27799731
27799763
27799834
27799920
27801735
27801847
27801889
27802069
27802446
27802454
27802488
27802570
27802781
27803576
27803787
27804067
27804215
27804311
27804911
27805500
27805887
27806383
27806385
27806594
27806641
27806658
27806921
27807162
27807521
27807796
27808258
27809644
27809747
27810033
27810802
27811060
27811200
27811630
27811711
27811842
27812000
27812142
27812347
27812406
27812530
27812531
27812586
27812858
27813022
27813390
27813599
27814657
27815033
27815131
27815525
27816023
27816055
27816898
27817780
27817925
27818328
27818984
27818989
27819344
27819740
27820159
27820849
27820857
27821210
27821288
27821359
27821385
27821419
27821673
27822189
27822302
27822855
27823893
27823981
27824066
27824163
27824334
27824925
27824969
27825443
27826087
27826313
27826436
27826671
27827387
27828791
27828852
27828958
27828996
27829026
27829141
27829875
27830025
27830257
27830991
27831503
27831569
27831827
27831866
27831982
27831992
27832073
27832159
27832181
27832198
27832581
27832736
27834480
27834716
27834754
27834836
27834842
27835851
27836684
27837017
27837093
27837176
27837821
27837915
27837917
27838149
27838407
27838489
27838742
27838809
27840085
27840131
27840175
27840666
27840838
27841784
27841837
27842161
27842269
27842329
27843267
27843457
27844448
27845220
27845744
27845771
27845854
27846331
27846337
27846748
27847549
27847720
27847809
27847822
27847836
27848007
27848155
27848238
27848412
27848974
27849093
27849409
27849546
27849637
27851729
27851791
27851974
27852582
27852687
27853024
27853255
27853635
27853757
27855073
27855102
27855629
27855988
27856018
27856752
27856909
27857099
27857155
27857693
27857788
27857815
27857970
27858017
27858089
27858503
27858508
27859167
27859172
27859264
27859268
27859401
27859998
27860369
27860505
27860542
27861593
27861606
27861652
27861731
27861771
27862448
27862629
27863204
27863736
27863934
27864317
27864600
27865227
27865242
27865260
27865850
27866068
27866498
27866504
27866508
27866595
27866833
27866868
27867086
27867331
27867770
27867860
27868059
27868316
27869148
27869181
27869664
27869761
27870908
27871172
27871298
27871510
27871542
27871600
27871881
27871906
27871915
27872234
27872609
27873050
27873109
27873364
27873506
27874071
27874309
27875010
27875058
27875815
27876080
27876084
27876145
27876369
27876450
27876505
27876534
27876598
27877221
27878205
27878992
27879381
27879507
27880839
27881039
27881160
27881519
27881529
27882066
27882444
27882455
27882558
27882587
27883264
27884163
27884439
27884960
27885266
27885308
27886014
27886041
27886280
27886772
27887018
27887026
27887578
27887587
27887661
27887778
27887831
27887867
27887876
27888348
27889529
27889585
27890332
27890470
27890602
27891353
27891554
27891581
27892235
27892236
27892411
27892522
27892857
27893178
27893864
27894019
27894020
27894149
27894158
27894902
27895981
27895988
27896225
27896576
27896578
27896781
27896785
27896851
27897214
27898317
27898362
27898506
27898665
27898905
27899087
27899295
27899384
27899941
27900080
27900096
27900133
27900888
27901092
27902303
27902690
27902975
27903185
27903410
27903877
27903991
27904662
27904771
27904925
27905023
27905033
27905097
27905324
27905930
27905972
27906082
27906083
27906085
27906155
27906594
27907099
27907227
27908503
27908539
27908578
27908689
27908989
27909072
27909122
27909142
27909143
27909557
27909710
27909876
27910092
27910818
27912013
27913270
27913319
27913358
27913563
27913601
27913973
27914462
27914587
27914987
27915270
27916455
27916503
27916672
27917118
27917468
27918168
27919226
27919317
27919332
27919735
27920091
27920399
27920607
27920636
27920749
27920947
27921269
27921401
27921577
27921993
27922526
27922979
27922994
27923134
27923741
27923790
27923842
27923916
27924038
27924262
27924297
27924533
27925180
27925484
27925527
27926483
27926583
27926871
27927071
27927213
27928009
27928244
27928393
27928650
27928742
27929083
27929135
27929187
27929307
27930756
27931138
27931296
27932462
27932568
27932585
27932645
27932982
27933173
27933285
27933664
27934165
27934808
27934977
27935078
27935120
27935268
27935495
27935944
27935981
27936092
27936353
27936362
27936395
27938026
27938365
27938482
27938921
27939139
27939207
27939354
27939374
27939879
27940059
27940380
27940576
27940904
27940951
27941491
27941576
27941707
27941728
27941815
27941914
27941943
27941991
27942049
27942085
27942150
27942245
27942475
27942489
27942614
27942663
27942907
27942974
27943194
27943546
27951480
27956037
27956431
27956638
27958243
27958282
27958356
27960292
27964699
27964731
27965132
27965426
27965450
27965563
27965933
27966700
27969034
27973380
27973939
27975020
27975061
27975209
27975319
27976654
27976741
27976878
27977319
27977439
27977490
27977609
27977731
27977762
27978525
27978784
27979025
27979320
27980634
27980739
27981242
27981492
27981855
27982304
27983510
27983636
27984052
27984098
27984219
27984742
27984919
27986757
27986797
27987038
27987144
27987651
27987734
27987927
27988278
27988342
27988640
27989147
27989819
27989992
27990563
27990642
27991454
27991947
27992983
27993018
27993470
27993519
27993971
27994143
27994293
27994448
27994535
27994578
27994640
27994743
27994747
27994913
27995352
27995377
27995510
27995969
27997150
27997288
27997759
27998307
27998493
27999011
27999083
27999200
27999240
28000019
28000357
28000391
28000514
28002021
28002035
28002085
28002428
28002493
28002643
28002691
28002695
28002976
28003168
28003464
28003476
28003511
28003799
28003943
28004130
28004225
28004480
28004744
28005193
28005254
28005403
28005775
28005982
28006726
28007677
28007859
28008174
28008409
28008561
28009049
28009593
28009695
28010062
28010143
28010951
28011044
28011059
28011275
28011408
28011843
28012091
28012388
28013205
28013256
28013377
28017476
28017917
28018203
28018330
28018523
28018693
28018968
28019021
28019706
28024227
28024592
28024987
28025021
28025023
28025224
28025369
28026030
28026207
28026871
28026981
28027117
28027163
28027760
28028083
28028852
28030997
28031240
28032216
28032366
28033191
28033500
28033725
28034357
28034384
28034730
28035391
28035480
28035661
28035718
28036301
28038326
28039095
28039284
28039304
28039389
28040133
28040320
28040771
28041316
28041848
28042065
28042104
28042600
28042936
28042952
28043566
28043654
28043783
28044140
28044446
28045933
28046142
28049415
28049831
28050352
28050680
28050885
28051263
28051306
28051899
28052194
28053186
28053655
28053798
28054379
28054422
28054712
28054831
28054909
28054956
28055142
28055203
28055578
28055920
28056024
28056087
28056376
28056457
28056892
28056901
28057313
28057660
28057994
28058039
28058258
28058375
28058593
28058834
28059412
28060068
28060311
28061895
28062126
28062147
28062192
28062447
28062520
28062652
28063101
28063131
28063273
28063305
28063390
28063657
28063948
28064005
28064483
28064539
28065172
28065421
28065558
28065623
28066382
28066530
28066591
28066805
28067006
28067119
28067647
28067693
28067703
28068437
28068639
28068656
28068871
28069279
28069300
28069303
28069555
28069611
28070275
28070281
28070315
28070679
28070803
28070808
28070811
28071018
28071754
28072457
28072576
28072584
28072649
28072668
28073509
28073595
28074147
28074211
28074357
28074422
28074666
28074914
28075235
28075453
28075493
28075514
28076405
28077027
28077046
28077112
28077155
28077286
28077289
28077689
28077772
28077898
28077924
28078046
28078451
28078640
28079476
28080032
28080157
28081044
28081533
28081741
28082225
28082453
28082609
28082632
28083444
28083459
28083494
28084061
28084862
28084988
28085490
28085530
28085760
28086772
28086838
28086982
28087071
28087131
28087217
28087237
28087473
28087491
28087508
28087919
28088045
28088177
28088218
28088240
28088318
28088402
28088903
28089332
28089452
28089587
28089781
28090727
28091359
28091653
28091848
28092112
28092340
28092486
28092734
28092835
28092840
28093376
28093505
28093575
28093699
28094445
28094646
28095477
28095717
28096034
28096951
28096973
28096993
28097027
28097040
28097130
28097208
28097508
28097611
28097766
28098048
28098263
28098510
28099123
28099237
28099370
28099597
28099754
28099853
28100136
28100635
28100698
28101400
28101466
28101482
28101523
28101782
28101973
28102165
28102322
28102508
28103546
28103582
28103841
28103878
28103883
28103941
28104084
28104446
28104952
28105138
28105538
28105595
28105644
28105970
28106001
28106239
28106838
28107427
28107521
28107548
28107706
28108302
28108399
28108610
28108802
28108814
28108868
28109317
28109920
28110058
28110078
28110451
28110669
28110694
28110936
28110975
28111056
28111379
28111709
28111820
28112192
28112421
28112685
28113047
28113116
28113347
28113808
28113841
28115057
28115485
28115718
28116177
28116357
28117211
28117535
28117698
28117729
28117911
28117965
28118085
28118200
28118389
28118752
28118773
28118814
28119222
28119436
28120334
28120398
28120711
28121531
28121532
28121552
28121744
28122051
28122243
28122459
28122499
28122925
28123107
28123213
28123242
28123271
28123739
28124578
28124696
28125006
28125105
28125165
28125454
28125612
28125734
28125819
28126110
28126550
28126583
28126597
28127340
28127394
28127757
28127799
28127853
28127863
28128305
28128333
28128937
28128970
28129043
28129238
28129335
28129375
28130086
28130212
28130404
28131428
28131601
28131759
28131783
28132082
28132389
28132765
28132824
28133624
28133644
28134011
28134415
28134554
28134776
28135040
28135569
28135680
28135997
28137262
28137449
28137537
28137551
28138631
28138777
28138939
28139069
28139296
28139371
28139511
28139665
28140366
28141713
28141819
28141942
28143537
28143560
28143658
28143831
28144096
28144189
28144442
28144564
28144577
28144784
28145492
28145564
28145617
28146402
28146639
28147376
28148284
28148830
28149055
28149400
28149591
28149973
28150322
28150347
28150365
28150378
28151970
28152029
28152097
28152285
28153157
28153230
28153522
28153991
28154341
28155918
28157408
28157688
28157737
28158194
28158248
28158316
28159030
28159133
28159418
28159606
28159617
28160133
28160280
28160457
28160787
28161405
28161688
28161861
28161910
28162764
28162781
28163288
28163489
28163575
28163942
28164568
28165155
28165368
28165579
28165738
28165762
28166079
28166262
28166581
28166607
28166728
28166758
28166877
28167269
28167866
28167893
28168163
28168230
28168514
28168637
28169040
28169126
28169492
28171688
28171696
28171748
28175980
28176637
28177546
28177801
28177993
28178386
28179001
28179308
28179361
28179399
28179478
28179560
28179690
28179911
28179929
28179938
28180050
28180235
28181464
28181519
28181538
28181679
28181688
28182076
28182129
28182581
28182705
28183116
28183348
28183596
28183806
28183822
28184394
28185777
28186107
28186384
28186729
28186998
28187247
28187389
28187742
28187885
28188533
28189069
28189277
28189379
28189628
28190150
28190392
28190724
28190742
28190759
28190791
28191261
28191544
28191654
28192066
28192171
28192718
28193091
28193167
28193256
28193730
28194519
28194562
28194574
28194801
28195094
28195652
28195830
28196360
28196438
28197102
28197133
28197156
28197674
28197965
28198310
28198592
28198835
28199181
28199934
28199964
28199983
28202469
28202494
28202626
28202755
28203067
28203094
28203464
28203549
28204870
28205317
28205369
28205489
28207180
28207495
28207880
28208833
28208888
28208923
28209069
28209183
28209454
28209459
28209658
28209945
28210010
28210319
28210640
28210659
28210819
28211020
28211499
28212039
28212833
28213015
28213302
28213310
28213541
28213659
28213871
28213926
28214571
28214821
28214898
28215169
28215490
28215507
28216278
28217198
28217505
28217588
28217611
28217766
28217770
28219657
28219982
28220061
28220082
28220122
28220186
28220959
28221018
28221032
28221207
28221291
28222010
28222015
28222139
28222192
28222314
28222462
28223077
28223128
28224642
28225881
28226026
28226266
28228055
28228227
28228242
28228265
28228370
28228765
28229061
28229071
28229097
28229178
28230977
28231426
28231469
28231536
28231785
28231967
28232171
28232316
28232384
28232582
28232924
28233467
28233508
28233591
28233874
28234635
28234672
28235040
28235120
28235434
28235687
28235956
28236014
28236130
28236586
28237116
28237240
28237545
28237762
28237781
28237856
28237953
28237961
28238074
28238559
28238581
28238845
28239032
28239424
28239454
28239461
28239481
28239875
28240634
28240640
28240655
28240704
28241394
28241859
28241985
28241991
28242166
28242379
28243093
28243201
28243464
28243780
28243909
28243923
28243978
28244050
28244578
28244595
28244917
28244945
28244948
28245088
28245184
28245193
28245342
28245479
28245982
28246046
28246934
28247087
28247217
28247230
28247308
28248564
28248975
28249118
28249160
28249376
28249723
28249785
28249880
28249926
28250022
28250235
28250430
28251086
28251683
28251753
28251761
28251780
28252207
28252882
28252933
28253085
28254329
28254372
28254544
28254935
28255317
28256192
28256742
28257135
28257468
28258403
28258572
28258925
28259683
28260464
28260547
28261010
28261242
28261447
28262302
28262340
28263181
28263242
28263315
28263460
28263519
28263657
28263809
28263833
28264346
28264394
28264678
28265047
28265530
28265773
28266114
28266177
28266689
28266699
28266760
28266784
28266821
28266884
28267102
28267199
28267791
28267806
28268114
28268438
28268504
28268645
28268917
28268982
28269034
28269352
28269382
28269453
28269523
28269712
28269731
28269955
28270084
28270089
28270097
28270172
28270271
28270328
28270369
28271030
28271342
28271600
28271652
28272227
28272240
28272254
28272842
28273224
28273336
28273482
28273985
28274070
28274077
28274163
28274448
28274609
28274612
28274876
28274894
28275119
28275724
28276471
28276842
28276968
28276986
28277099
28277189
28277316
28277879
28277932
28278087
28278150
28278200
28278674
28279617
28279706
28280149
28280246
28280318
28280631
28280642
28280760
28281265
28281271
28281477
28281646
28281741
28281972
28282033
28282510
28282592
28282614
28282937
28282963
28283525
28283668
28283889
28284173
28284180
28284223
28284237
28284468
28284588
28284669
28284685
28284864
28284875
28284884
28285309
28285346
28285800
28286021
28286285
28286333
28286688
28286864
28286958
28286999
28287035
28287597
28288134
28288758
28288764
28289065
28289091
28289109
28289130
28289872
28289914
28290106
28290961
28291473
28292240
28292338
28292565
28293275
28293289
28293475
28294559
28295125
28295177
28295357
28295414
28295770
28295777
28295838
28295933
28295953
28296582
28296655
28296680
28296818
28296885
28297577
28297629
28298171
28298224
28298553
28298837
28299441
28299515
28299642
28299657
28299685
28299817
28300431
28300494
28301024
28301248
28301284
28301509
28301539
28301911
28302782
28303067
28303341
28303942
28304102
28304405
28306155
28306484
28306707
28314184
28314676
28315039
28315127
28315240
28316031
28316065
28316359
28316382
28316973
28317028
28317716
28318092
28318300
28318461
28318799
28318886
28319277
28319438
28319455
28319502
28319640
28320521
28320554
28320690
28321789
28322190
28322271
28322352
28322666
28322744
28322784
28322885
28323338
28323419
28323882
28323926
28323937
28324211
28324284
28326653
28326790
28326936
28327105
28327345
28327595
28327645
28327913
28328127
28328136
28328236
28328988
28329001
28329145
28329231
28329872
28330470
28330678
28330740
28331048
28331254
28331599
28331620
28332137
28332360
28332476
28332608
28332776
28333018
28333189
28333697
28333794
28334327
28334564
28334615
28334784
28334854
28334863
28335558
28336096
28336141
28336597
28337281
28337431
28338247
28338376
28338529
28338634
28338976
28339013
28339345
28339410
28339928
28340104
28340260
28340463
28340485
28340580
28341038
28341065
28341154
28341156
28341161
28341196
28341536
28341623
28341674
28341723
28341746
28341903
28342010
28342542
28342789
28342945
28343001
28343062
28343418
28343423
28343654
28343993
28344199
28344590
28344660
28345005
28345022
28345160
28345195
28346872
28346915
28347282
28347608
28347719
28347978
28348057
28348382
28348808
28348846
28348878
28349200
28349709
28349897
28350221
28350368
28350803
28351136
28351265
28351298
28351424
28351716
28351807
28352621
28352958
28353042
28353232
28355176
28355402
28355605
28355968
28355982
28356035
28356129
28356295
28356547
28356622
28356949
28357505
28357725
28357982
28358140
28358234
28358612
28358712
28359307
28359664
28359781
28359890
28360122
28360143
28360224
28360773
28360843
28360979
28361121
28361230
28361288
28361307
28362102
28362386
28362410
28362864
28363570
28363626
28363782
28363919
28364409
28364434
28364927
28366406
28366539
28366632
28366770
28367636
28367681
28367767
28367982
28368267
28368473
28369089
28370033
28370352
28370605
28370728
28371313
28371745
28373195
28373341
28373627
28373747
28373799
28373959
28373991
28374022
28374639
28374841
28374958
28375449
28375566
28375653
28375729
28375743
28375952
28376287
28376393
28377051
28377193
28377210
28377331
28377738
28378026
28378221
28378668
28379026
28379194
28379326
28380044
28380217
28380256
28380486
28380662
28381295
28381362
28381379
28381601
28381880
28382143
28382289
28382844
28383311
28383652
28384889
28384898
28385001
28385075
28385178
28385594
28385938
28386168
28386264
28386663
28386687
28386881
28386942
28386950
28387168
28387468
28387835
28387851
28388017
28388318
28388350
28388524
28388882
28389361
28389368
28389374
28389382
28389629
28389633
28389961
28389983
28389985
28390121
28390176
28390302
28390852
28391514
28391546
28391771
28391978
28392427
28392546
28392552
28392965
28393261
28393351
28393600
28393741
28393819
28393896
28394042
28394217
28394294
28394503
28394602
28394851
28394935
28395208
28395554
28395912
28396298
28396345
28396695
28396744
28397323
28397533
28397991
28398095
28399037
28399372
28399452
28399722
28399751
28399813
28399833
28399871
28400033
28400045
28400056
28400402
28400582
28400724
28401602
28401887
28402002
28402055
28402232
28402261
28403152
28403172
28403239
28403387
28403406
28404091
28404634
28404643
28404899
28405013
28405177
28405379
28405450
28406285
28406413
28406758
28407355
28407625
28407650
28408329
28408671
28408723
28408903
28409370
28409651
28409856
28410205
28410350
28410389
28410411
28410686
28411139
28411263
28411311
28411442
28412023
28412693
28412969
28413179
28413509
28413529
28413598
28413643
28413794
28413969
28414203
28414491
28415132
28415499
28415552
28415987
28416098
28416410
28416439
28416598
28416855
28416969
28417422
28418171
28418900
28418943
28419010
28419641
28419865
28420030
28420059
28420066
28420538
28421026
28421317
28421738
28421810
28421865
28422140
28422693
28422945
28423032
28423778
28423855
28424061
28424240
28424384
28424445
28424584
28424606
28424683
28424727
28424986
28425183
28425861
28426667
28427273
28427537
28427543
28427655
28427765
28427900
28428293
28428488
28428818
28429154
28429315
28429354
28429412
28429500
28429542
28429775
28430012
28430341
28430726
28430891
28430965
28431108
28431783
28431885
28432098
28432481
28432511
28432665
28432743
28432944
28433058
28433214
28433448
28433844
28433910
28434897
28434980
28435038
28435209
28435583
28436186
28436264
28436286
28436433
28436493
28436593
28436738
28436990
28437199
28437231
28437254
28437457
28437582
28437772
28438037
28438309
28438506
28438542
28438558
28438945
28438975
28439067
28439713
28439925
28440090
28440108
28440461
28441459
28441489
28441911
28442229
28442243
28442343
28442401
28442480
28442859
28443376
28443481
28443672
28444830
28445368
28445375
28445497
28445929
28445938
28446633
28446912
28447132
28447201
28447586
28447822
28447828
28447924
28447984
28448089
28448233
28448263
28448873
28449310
28449774
28450196
28450207
28450395
28450514
28450855
28451250
28451395
28451446
28451474
28451494
28451941
28452185
28452427
28453826
28454015
28454282
28454482
28454487
28454863
28455257
28456571
28456611
28456743
28456744
28456751
28456850
28456987
28456990
28457143
28457334
28457384
28457522
28457994
28458045
28458075
28458091
28458290
28458643
28458859
28458935
28459029
28459089
28459124
28459391
28459420
28459654
28459977
28459980
28460030
28460054
28460374
28460474
28461000
28462032
28462513
28462652
28462752
28462781
28463085
28463669
28463704
28463933
28464019
28464071
28464073
28464291
28464554
28464602
28464828
28464907
28464953
28465195
28465502
28465773
28465793
28466053
28466270
28466379
28466814
28467858
28468175
28468714
28468745
28468761
28468980
28469263
28469422
28469481
28469632
28469721
28469905
28469987
28470100
28470106
28470421
28470482
28470550
28470753
28471040
28471060
28471149
28471296
28471447
28471656
28471772
28471941
28472082
28472129
28472512
28472521
28472611
28472931
28473015
28473083
28473360
28473531
28473640
28473742
28474673
28474967
28475081
28475307
28475553
28475787
28476060
28476169
28476271
28476381
28476508
28476926
28477705
28477843
28478321
28478464
28478603
28478636
28478867
28479016
28479259
28479312
28479344
28480148
28480413
28480570
28481004
28481342
28481498
28482033
28482688
28482961
28483305
28483455
28483530
28484250
28484550
28485130
28485268
28485296
28486232
28486801
28486810
28486889
28486935
28487075
28487334
28487667
28487818
28487909
28490164
28490253
28490376
28490813
28491259
28492106
28492483
28493125
28493435
28493821
28494223
28494325
28494337
28494350
28494421
28495458
28495504
28495651
28495811
28495897
28495934
28496002
28496419
28497106
28497407
28497418
28497698
28497887
28497891
28498873
28499113
28499120
28499328
28499343
28500789
28500879
28500997
28501006
28501028
28501443
28501699
28501764
28502074
28502652
28502812
28503387
28503431
28503759
28504165
28504776
28504984
28505177
28505339
28505472
28505487
28505540
28505806
28506069
28506602
28506931
28506958
28507142
28507202
28508214
28508329
28508422
28508668
28508736
28508943
28509318
28509526
28509623
28509710
28509716
28509989
28511890
28511906
28512014
28512060
28512111
28513195
28513626
28513923
28514301
28514486
28514681
28515226
28515354
28515448
28515464
28515617
28516341
28516841
28518001
28518216
28520198
28520655
28520661
28520994
28521168
28521254
28521299
28521617
28521676
28521737
28522288
28523090
28523174
28523425
28523479
28523528
28523722
28523846
28524099
28524604
28524704
28525754
28525838
28526000
28526360
28526485
28526565
28526692
28526816
28527429
28527513
28527621
28527954
28528178
28528555
28528624
28529121
28529546
28530664
28530715
28531851
28531873
28532107
28532323
28532359
28532624
28532629
28532645
28532912
28533050
28533317
28533524
28533788
28533814
28533939
28534189
28534284
28534352
28534358
28534452
28535279
28536004
28536031
28536123
28536535
28537612
28537717
28538491
28538498
28538914
28538990
28539075
28539192
28539349
28539885
28540341
28540429
28540536
28540768
28541292
28541529
28541679
28541870
28542333
28542641
28542952
28543041
28543991
28544215
28544275
28544452
28544492
28544601
28544860
28545139
28545217
28545358
28545365
28545416
28545437
28546318
28546554
28547383
28548488
28548676
28548949
28548970
28548973
28549178
28549352
28549399
28549760
28549770
28550154
28550165
28550348
28550436
28550521
