27773526
27583127
27634004
27987734
28238559
27505348
27618756
28436286
27838489
27438188
27981855
27681182
27859264
27555654
27871915
27496388
27929135
28405379
27446232
28282614
28484250
28388318
27638646
28337431
27255399
27958282
27938026
28548949
27656565
27737807
28416098
27906083
27512378
28217505
28497418
27853635
28066530
27861606
28346915
27776603
28117911
27405997
27413416
27583405
27348352
27681017
28332360
27653361
28055203
27684099
27445319
27362260
28438945
27848974
27721784
28542641
27744641
27420101
27958356
27465497
28544860
27306621
27812347
27371349
27826671
28349200
27594346
27683791
28249118
28284468
27736701
28194801
27310824
27612680
27536134
27716325
28084988
27377502
28296655
27256046
28369089
28070679
28117698
27726775
28419010
27315396
27385839
27615860
27267962
28171688
27301853
28422693
28267791
28494325
27330705
27560647
27942085
28515464
28506602
28408671
27409663
27703744
28410205
27506608
28361288
28108814
28149400
27561345
28126597
27669157
27482315
28000019
27671016
28360143
27941991
28392546
27336882
27708774
27294858
27405584
28500789
27741956
28097130
27312152
28244945
27399065
28515226
27344620
27744105
28458075
28179478
28159418
28326790
27682141
27725796
28375729
27422746
28358140
27485101
28415499
28486801
27375283
27568672
28252882
27273075
27790295
28341723
27325072
27858017
27614386
27639384
27287247
28276471
28441459
27443945
28073509
28091653
27981492
27868316
28441911
27775803
27404466
28533939
27783097
27871298
28258403
28332476
28527429
28074422
27876080
28456743
28543991
28445497
27673404
28179361
27316920
28508736
27798174
28209069
27255600
28081533
27870908
28528624
27986757
28199983
26316050
27938921
28035391
27445865
28386168
28285346
27300443
27932982
27765612
27405322
27588084
28341154
27617383
28000357
27392010
27297608
28339013
28161688
27806383
27348576
28102322
27399557
27544871
27668791
27467766
28002493
28018968
28186107
28296582
27643557
28270097
28260464
27468821
27712587
27731485
28231426
28452185
27313537
27761899
28025021
28202494
28113116
27904771
27734289
27249024
27565913
27608841
27896578
27840175
28497407
27755975
27391139
27378064
27457997
27545685
28505806
28261242
27654842
27873364
27553588
28241985
28400402
28280318
27328365
27494906
28068871
27993470
28363919
28501443
28212039
28344590
27926483
28196360
28475081
28306707
27429532
28458859
27623376
27548784
28439925
27294935
28328127
28436186
27555478
27688423
27834842
27479867
28160787
27305656
28545358
27689393
28401887
28153230
27490343
27682293
28301284
27780501
27719897
28243093
27899087
28205489
28355982
28213310
27546724
28210640
27613550
28487909
27645456
27936395
27421843
27940380
28398095
27329728
28097027
27303047
28416969
28232582
28053798
27698061
27275827
27784172
27245100
27387187
27305688
27371818
28272240
28264346
28135680
28296818
28324284
28112421
27934808
27776422
27422367
27383484
28250022
28318886
28089587
27563006
27688460
27787956
28244948
27799920
28350803
27436292
28183822
28436738
27847720
27965563
28509623
28530664
28274070
28499328
27610145
27851974
27975209
27904662
28256192
27514572
27504849
27570955
27301949
27575716
27680974
28187742
28269955
28351807
27754198
27840085
28389382
27977609
28166728
27792644
27608043
27591323
28078046
27775984
28389361
27606118
28072649
27817925
28152285
27556586
26944725
28130212
27863204
27939354
28044446
28382143
27713123
28157688
28126110
27498027
27320961
27482676
27802781
27997759
27778368
28468761
27479943
27533420
27831569
27610042
28005254
27625204
28054379
27484988
28472931
27279849
28533524
28168163
27859401
27287100
27337992
27399912
27373689
27569995
28529121
28002021
27908989
28060311
28360224
27907227
27576906
28011843
27660548
28469481
28003799
27663493
27776907
28103878
28456990
27934165
27660667
28067647
28209183
27813599
27896781
28382289
27408908
27757335
27271951
27898665
28268438
28377193
27576941
28341156
27990642
27437094
28432511
27250037
27798722
28300494
27720895
27373893
28329145
28351136
27330995
28159030
27768391
28159606
28189277
27964699
27554678
27516476
28322271
28077289
28199181
28018203
27473602
27830991
28123242
27390714
28161405
27507240
27718505
28295953
27313614
27723749
27249236
27546025
28375653
28468745
28101466
27486953
28462752
27830025
27426888
28110975
28127394
28267806
25763772
28050352
27895981
27298741
27976741
28333794
27924038
27646543
27913270
27904925
28235434
28486889
28411442
27466243
28003464
27751685
28178386
28247308
27773722
28004130
28523528
28026981
27969034
27393884
27567951
27536472
27623751
27490448
28424606
27659794
28096034
27539002
27565870
28137537
28329231
27352367
27810033
27849093
28421865
27314527
27869148
28111056
27785853
27483491
27935495
28130086
28232924
28113808
28477705
27942475
28428818
27929307
28442343
27980634
28131428
28435583
28458045
28301024
28497891
27841837
28487818
28473531
28092486
28505540
28208833
27791144
28320554
28129375
28297629
27915270
27457924
27510556
28430726
28399871
27436784
28333018
28214571
28158316
27236033
28289130
27853024
28245982
28069611
27476889
27671656
27321745
27364994
28214821
28169126
28357982
27865850
27619032
27794223
28374022
27373648
28281972
28306484
28286864
27601501
27438403
28270271
28343062
28331048
28472129
27406705
27635325
28087508
27294781
27578983
27748824
27432227
28295770
28012091
27749796
27599297
28056087
28348808
27339000
27235977
28074211
27919332
27479458
27252474
27479571
27599001
27410251
28282033
27822302
27891353
27460729
28185777
28287597
28403406
27515303
28086982
28058039
28158194
27881039
28051899
27755647
27964731
28235956
28524604
27485947
27637575
27567226
27708714
27454379
28286285
28512060
27858089
28275119
28409856
28487334
27394010
28352621
27515958
27324249
27815131
27837176
27093899
28470550
27423415
28128333
27816023
27489089
27942907
27929187
27640134
27359178
28347719
27811842
27714861
28102165
27257063
28504984
27680876
28199964
28108868
27010511
28286333
27359086
28390852
27906085
27565983
28070803
27688320
27590051
28004225
27253877
28542952
27780827
27894158
27931138
28505339
28478464
28381379
27299182
27793684
28317716
27258956
28347608
28445368
28194562
27571385
27921577
28231785
28301248
27439518
27708808
28070808
28464073
28276842
27851729
27286333
28348878
27357530
28392965
27905033
27808258
28214898
28110451
28187389
27799085
28231536
28041848
27801847
27620892
27383496
27768229
27233260
27250949
27999240
27641480
28054831
28115485
27435854
27899384
28263809
27301553
28153991
27752009
27263085
28396298
27532819
27975319
27535101
27994578
27643972
28548970
28092734
28379194
28416598
28359307
27312275
27905097
28278087
27632796
27384421
27847809
27749081
27254783
28215490
27446852
28141713
27623486
27681813
27989147
27552486
27323673
27690192
27908578
28384889
27860369
27261525
28182705
27867331
27867860
27299091
28032216
28150365
27570685
27734402
27570556
27942974
27791100
28301539
27838809
28549760
27666119
28532645
27294314
27821673
27933173
27512256
28243978
27909122
28432743
28476169
28040771
28534284
28070315
28109920
28442480
27391263
28502074
27273918
27799731
27304655
28093575
28351298
28280642
27977490
27827387
27373836
27976654
27391754
28274448
28146402
28087071
27481881
28123213
28285309
27293123
28262302
28139511
28075493
27865260
28363570
28098048
27606477
27942614
27245524
27783350
27568025
28127799
27557464
27251157
27748842
27670600
28509318
27511635
28202626
28474967
28240634
27792137
27669322
27548895
28248564
28140366
27932462
27255214
27267564
28366632
27252416
28471447
27795266
28420066
27651148
28183348
27753194
27451934
27942245
27534355
28169040
27438230
28439713
28493821
28541529
27563616
27579316
28192066
28195094
28028852
28290106
27271087
28159617
28043566
27376349
27538344
27431623
27628393
28342789
28404091
28274894
27717527
27932645
27294544
28539885
28299642
28469632
27866068
28062126
28259683
27493011
27769207
28520198
27530547
27669305
28487075
27625449
28165762
28233467
28245088
28445375
27521295
27610191
28423032
27413146
27692274
27898317
27439307
28199934
27252904
27471103
28550436
28482961
28038326
28324211
27244841
27798730
27480530
27646607
27639826
27470706
28070281
28138939
28268114
27436508
28222139
28466053
27862629
28095717
28544492
27677398
28534452
27301186
28163288
27408447
28316031
27299522
27857099
28083494
27596135
27935981
27777016
28536535
27352045
27817780
28430965
28362410
27592178
27896851
27665996
27626325
28399833
28134554
27411238
27890470
28406758
27338347
27572614
28531851
27343757
28483455
27612907
28166581
27881160
27241087
27489735
27997150
27530333
28401602
27254091
27257836
27793507
28458643
27312379
28331599
28151970
27242395
28033500
27657150
28050680
28233874
27699251
27312263
27811060
27631520
28540768
27855988
28340463
27776910
28243464
27570938
28120398
27613509
27233592
27352133
27502245
28168637
27760426
27412144
27351590
27677165
27577517
28373991
28010143
28547383
28089781
27746771
27811200
27880839
27669294
27356936
27423449
26476440
28527621
27274417
27698916
27484439
28276986
28139069
27393252
27912013
27812586
27345138
27606170
27738460
28518216
28184394
27338800
28451494
27755951
27940951
27766634
27333086
27902975
28471772
28062652
28350221
28366406
28134011
28117729
26424709
28482033
28107427
28190742
27486082
28454863
28008174
27602898
27296867
27439969
27454066
28473360
27628070
27345009
27940059
28438975
28356547
28197102
28258925
28416855
27873506
27399843
28226266
28120711
28327345
28071018
28472611
27994293
28330740
28239875
28549352
27414407
27440478
28163942
27649667
27585079
27259186
28361307
27577581
28521299
28509989
27667368
27389043
27514644
28432665
28343654
27763528
27485749
28428488
27692888
27524991
27687951
27654398
28527513
28435038
27279981
28359890
27553121
27756221
27743941
28395208
28420059
28291473
28211020
27332210
28427900
28165579
28431108
27288403
28144442
27272523
27633393
27531288
27733154
27571264
28396695
28060068
28490253
27256126
27356448
28450514
27704268
28474673
27780592
27869761
27400764
28213659
28104084
27703402
28212833
27267338
27661391
27859172
27634905
27869664
28088318
27729252
27616886
28198835
27799311
27978525
28298837
27714651
28062520
27855102
28393351
28090727
28002643
28237545
28427543
28222314
27988342
27689542
27359321
28331254
28065421
28067006
27383575
27936353
27494870
27492044
27586108
27909072
27617793
27481907
27843267
28177801
28400045
28213541
28374841
28062447
28389629
28244050
27677676
28177993
28110936
28334863
27303808
27271775
28389961
27714376
27630041
28245184
28394851
28506069
28341065
28004480
28237240
27340878
27726295
27375428
27530243
27610437
28481004
28456744
27489143
27910092
27928393
28115718
27519675
28146639
28116177
28072584
27930756
28435209
28039095
27568206
28063948
27489312
28097040
28107706
27644675
27600929
27836684
28475787
27348517
28190150
27566320
28400724
27435702
27363212
28228055
28018693
27446048
27695342
28341196
28105644
27677861
28241394
28213302
27340160
28513626
28289109
28316065
27697474
27809644
28344660
27283081
27697674
27878992
27693393
27994747
28442229
28271652
27465008
27467556
27443244
28447201
27486825
27260450
27347943
27332346
28121552
27936092
27335213
28438309
27779444
28075453
27887018
27941914
27590630
28528178
28109317
27485594
27348135
28316973
27349310
28153522
28243923
28422945
28189628
27655998
28088218
27788427
27337704
28120334
28523174
28055578
28393819
27709987
27609921
28351265
28204870
28039389
27585843
27298004
28065172
28380044
27511214
27252817
27984919
27655704
27665747
27412534
28513195
27423282
28103883
27721550
27454252
27551182
27347631
28472512
27691994
27442448
27824334
28265047
28247087
27516253
27848155
27404405
27355258
27956638
28535279
27537530
27891554
27676379
27846331
28238074
27761076
28242379
27574277
27754271
28180235
27618734
28054909
27920399
28144784
28266689
28348846
27840838
28125819
28205369
27887831
28449310
27929083
28182581
27598351
27303795
27243664
28249880
28110078
27629905
28238581
27580610
27760732
27771814
27689092
27555975
27392509
27580090
28504165
27086366
28272227
27382380
27544735
28280631
28436990
28403172
28390121
27582109
27862448
27886014
27678029
27519262
28335558
28342542
27858503
27742821
27849637
27935078
28225881
28404643
28411139
28228765
27831827
27415757
28277099
28267102
28462652
27787906
27655678
28045933
27720181
28367767
28479344
28413598
28166262
27848412
28002035
27461771
26883265
28292565
28389985
28403239
28263315
28460474
28293475
27422009
28190759
28274609
28111709
28457994
28343418
28008409
27752357
28349897
27439396
27504260
28433058
28340104
27341373
28513923
27578894
28052194
27749392
27608180
28459391
27934977
28097766
27803576
28293289
28423778
27456016
27280485
27494903
27715026
28533317
27744233
28422140
28211499
27683067
28108302
27298653
27489713
27322774
27500005
28341623
28057313
27876450
28181679
28067703
27387068
27737923
28533050
27696737
28533814
27607849
27308603
27318131
27237979
28101973
27310240
27666303
27515307
28236014
27653143
27242101
28248975
28532912
28160280
27255411
27196563
27313723
27622096
27908689
27454637
27893178
28242166
27515243
28222015
27322135
28129335
28465773
28381601
27793676
28082225
27913973
27871906
28419865
27781405
27651178
27446916
27744673
28099853
27725792
28274163
27815525
28271030
28112192
28207495
28394042
27894149
27612827
28399722
27491394
28088903
28239454
27742195
28515354
27445435
27701245
27521980
27381582
28447822
27353925
27591146
27245303
28486232
27783838
27446579
28221018
27697751
27650514
27338437
28456571
28085530
28197674
27913358
27814657
27776171
28284237
27703571
27387057
28005982
27384095
27522512
28386264
28078451
28367681
27647451
27769797
27855629
28127757
27468236
28480570
28191544
28195830
27580729
28455257
28035480
27973380
27453556
27593936
27642003
28491259
28315240
28288134
27332832
27802454
27802446
28077924
28133624
27311930
28181519
28131601
28443481
28002695
27834836
27498099
27275025
28537717
28092835
27624142
27981242
28341674
27258136
27812406
27754446
27804067
28437457
28124578
28538914
27887867
27570972
28457384
28216278
28320690
27771784
27812858
27601937
27806594
28479016
27547536
28389983
27589720
28179399
28091359
28299685
28043783
27642699
27333594
27852687
28284685
28471060
28360773
27832736
28194519
27924533
27270538
27342305
28281741
27597994
27989819
27943546
28429775
28368473
28460030
27299289
28443672
27886041
28447132
27442261
28413969
28327595
28549178
27113387
28431885
28213926
27736157
27716016
27365044
27262362
28228242
28002428
28451395
27485707
27890602
28550521
28357505
28465195
27723444
28269034
27869181
27744574
27573199
28112685
28179690
28541292
27582280
28232384
27409657
27533383
28089332
27413283
28263242
28470421
28450207
27547341
27467251
28509710
28293275
28541870
28490813
27282214
28004744
27845220
28126550
28469987
28065558
28266177
28160133
27831866
27868059
27799038
28340260
28189379
27694049
27890332
27816898
27734513
28341161
27588935
27994143
27848007
27421268
28318799
27559734
28165155
27900888
28524099
27830257
28466270
27787497
27538473
27417537
28458935
28429542
27610217
28113347
27656567
27998493
28463933
28413643
27922979
28481498
28143831
27648073
28049831
28002976
27694930
28550154
28473742
28074666
28040320
28323419
28549770
28099237
28475553
27433916
27569032
28298224
27371352
28548973
28226026
28342010
27818989
28509526
27340141
28244595
27618497
28507142
28380256
27626511
27533082
28288764
28087919
27776794
27284958
27274087
27683502
28505487
27770762
27371870
27928650
28448233
28333189
28003943
27802069
28499343
28453826
27657099
28065623
28068437
27647474
27472704
28364927
27893864
28388882
28070275
28529546
27738051
27651569
28270084
28339410
27490927
27829141
28329001
28319438
27296942
27702924
27121486
27412526
28284588
27623725
27865227
27521418
28257135
27660844
27686487
27644702
28266760
28281271
28215169
27259326
27300936
28274876
28089452
28063390
27821210
27528428
27445300
27239953
28281477
27687042
27545082
27741202
27838407
27652573
27426278
28548488
28077112
27456062
27939879
28457522
27711225
27545829
28275724
28540536
27577957
27692419
27727240
28085760
28361121
27597857
28548676
27864600
28437772
27395220
27529866
27906082
28459089
27259677
27494909
27446224
28179938
27761669
27919735
27743718
27919317
27475688
27875815
28464953
27856909
27979025
28097508
28393741
27257207
27573470
27881519
27965933
28452427
28194574
27779404
28133644
28251761
27826313
28263657
28268645
27516356
28051306
28101482
28074147
27758943
28069555
28128970
28290961
27618157
28337281
27994743
28393261
27636558
27644077
28124696
28026030
27547432
27683651
28381295
27851791
28057660
28063101
27562210
27737333
28181688
27515250
27778115
27650249
27608985
27638176
27685846
28193167
27997288
28081741
28394294
28159133
27790522
27475106
27744500
27620334
28270089
27712131
28254372
27804911
27459060
27697561
28010951
27234031
27909710
28269382
27613895
27233466
27514440
27374919
28408903
27921993
28495897
28292240
28378221
27729641
28328988
28202469
27885266
27266322
27926583
27742630
28231469
28024227
28280246
27282236
28145564
27545399
28432944
28093505
28166079
27336004
27889585
27513632
28438558
28462781
27874071
28126583
27258690
27312487
28247217
28268982
28538498
28476926
27631472
27437046
27406386
28406285
27987144
28284180
27923741
27602058
27493925
27367915
28508422
28323882
28438506
28469721
28349709
27240437
27338295
27896785
28198310
27926871
28345160
28451474
27480504
27769714
28509716
28415132
28381362
27771196
27620469
27866498
27340862
27973939
28118773
28034357
26868132
27550556
28096973
27465939
27755272
28066805
27351941
28323937
27467147
28383652
27984219
28003476
28239424
28332608
28237856
28385938
27252099
27617056
28169492
27920636
27698735
28099754
28053655
27453359
27993971
28284173
27289224
27860505
27481810
27993018
27534961
27644688
27660811
27777170
27470998
28350368
28148284
28235040
28446633
27621804
27748242
27234004
27447000
28534189
28391771
28445929
28286999
27588892
28100635
27916455
27746068
27424514
27618260
27977731
28284884
28168230
28526565
28515617
27242865
27256373
27777972
28451250
27782940
28295125
27785790
27659457
28424727
28282937
27749441
27374109
27920091
27811630
28521737
28077772
28388350
27603917
28314184
28545139
28456850
28514681
28265773
27706165
27598153
28418171
27294436
27730636
27528862
27703342
27887876
28101523
28176637
28410350
27821385
27718772
27392380
28465502
27411493
28504776
27617249
28355402
28080157
28121532
28439067
27348675
27371625
28121531
28231967
28463669
27652718
28503759
27894902
27715398
27256491
27688904
28017917
27469526
27660323
27928009
28007677
27942489
28388524
27508384
28414203
27267054
26864880
27647762
28069300
28521676
27236596
27481342
27866833
27871542
27639988
27275849
28393896
27757809
27299886
27943194
28370033
27923916
27496995
27578611
28273224
27505653
27284491
27978784
27646508
28132389
27380733
27777712
27942663
27695358
28217588
27777427
27741201
27430924
28147376
28500879
28255317
27721673
28420030
28012388
28353232
28245479
27906594
28416439
27464574
28421317
28018523
27374484
28497106
27653616
27384243
27310660
27746786
28347282
28082632
27321599
28103841
28410686
28235687
28108802
27339306
27980739
27418869
27940904
27634338
27834480
27984052
27416524
27389831
28283525
27907099
28377331
28088240
27235985
28141942
27766200
27622108
27688476
28373799
28018330
27918168
28475307
28345195
27317655
27336204
28408329
26406200
27264279
28083444
28128305
27313637
27924262
28118085
27551242
27694728
27625093
26867927
27635790
27770391
28104952
27285494
27375491
28157737
28482688
28094445
27690079
27326914
28077046
27452398
27757471
28283889
28233591
27295651
28064005
27905930
28546318
28279617
27478557
27655516
28179001
28186998
27267388
27250793
27512352
27637516
27293431
28093699
27445402
28318461
28190724
27431445
27326352
27882587
28041316
28319277
27275298
27683158
28539075
27909876
28295933
27729000
27611338
27882558
27283994
28421810
28498873
28153157
28062147
27721600
27581464
28317028
27556293
28336096
27441911
27982304
27903877
27843457
28284669
27559131
28525838
27892411
28396345
28356295
27311863
28295777
27793722
27617011
28111820
27623532
28056901
27500434
28026871
28074914
27966700
27629156
27382354
28280760
28031240
28143537
28221207
28122051
27467869
27866868
28469422
27746055
27636763
27436024
28266821
28067119
27435336
28263460
27594695
28246046
27631624
28042952
27392483
28098263
28322784
27542164
27318046
27481186
28454487
27754781
27518506
27598421
28399037
27634034
27648078
28341746
28042104
28512111
28508668
27913601
27381890
27923842
28427765
28320521
28213015
27665231
27319018
28405177
27331809
28096951
27522061
27995377
27846337
27927213
27476158
27812531
28378026
27816055
27876598
28366770
28382844
27441491
27689386
27742373
27939374
28165368
28332137
27503608
27498545
27315518
28198592
27958243
28011275
28266784
27358560
28415552
27585205
27512369
28433214
27832073
28392552
28495458
27774519
27447421
27999083
27721721
27598463
27941707
28196438
28316359
28459980
27480160
28390302
28399813
27861652
28092840
27696493
27623945
27560368
27262143
28374639
27677346
27450703
28437199
27747996
27464911
28030997
28202755
28430891
28322190
27865242
28162764
27736955
27505217
27780748
27534108
28359781
28082453
27706773
28163575
27738068
27611967
28163489
27476670
28486810
28536004
27876534
28362864
27463423
27602107
28448873
28068656
27662437
28374958
27284493
27399732
27565266
27807521
27683811
27635144
27409644
28229071
28524704
28426667
28138777
28508214
27931296
28545416
28101400
28213871
27422142
28110058
27411686
28232171
27501756
28247230
27664877
28328136
28431783
27394375
27344476
27794263
28040133
28530715
27447827
28006726
28536123
28077689
27476625
27771058
28386881
27587390
28180050
28423855
27493840
27426713
27723905
27374326
28494337
27794611
28105538
27386169
27841784
27734182
27756568
27543896
28003511
27398974
28464828
27449676
28103546
27449845
28367982
28432098
28464554
28454282
28506931
28338529
28209658
28458091
27251364
27742121
27618365
27898506
27632842
28385594
27299763
28249926
28458290
28531873
27873050
27828791
27504738
27629727
28054956
28414491
27900096
27909557
27897214
27916503
28278200
27459296
27452974
27988640
28497698
27342342
27821288
27886772
27514764
27935268
28025369
27668006
28028083
28411263
28534358
27756035
28177546
28000514
27787973
28286688
28544452
27876505
27265179
28131783
27461500
28483305
27349321
27660087
28341038
27468990
27706911
27796455
27719962
28266699
28410411
28432481
27260358
27559330
28088045
28292338
28298553
28520655
28299657
28340580
27706576
28544601
27737795
27499974
28472082
28027117
28345022
28373747
28537612
27533056
27879381
28108610
28106838
28387168
28447828
27658949
27508512
27347474
28277932
28393600
27568582
28459977
28469905
28315039
27852582
27984098
28110669
28064483
27899941
28462513
28141819
27246120
28508943
27704621
27766879
27760981
27798341
28191261
27438523
27751698
28103941
28220061
28137551
27433933
27395784
27312729
27574814
28123271
27558728
27379201
27812142
27725659
27656399
28341536
28240655
27295294
28143658
27286759
27917118
27357243
28056457
28315127
27768715
28366539
27268023
28104446
27282454
27819740
28223128
27354631
27294526
27612043
28238845
27292641
27694287
28167269
28034384
28380486
27306062
28116357
28412693
27871172
28118389
27899295
27707823
28125006
27397797
27434112
27849546
28191654
28514301
28193091
27956037
27987651
27358636
28110694
28327645
28125165
28499113
28495811
28179560
27306647
27528471
27677368
27356151
27474829
27670653
27824969
28442243
27761762
28471149
27765603
28261010
28534352
28203464
27494907
28219982
27505310
27508468
28397991
27811711
27794742
27582170
28270172
27840666
28430012
28289872
28134776
27680099
27216824
27284118
28418900
28429315
27498569
28122459
28276968
